lunghezze d'onda (nm):
blu: 457.8465545011809
azzurro: 479.3869312832344
verde: 507.8046320177213
rosso: 631.8194427425533